G3dErrFileVersion 2018P3.1
FlagFileMetaData Begin
   Mesh Size - Setup1, Refinement, Pass #1, Freq. 1.000000e+10 :Title    
   Listing of mesh elements with poor quality. :ToolTip  
   hf3d :Author   
   1730516376 :TimeStamp
FlagFileMetaData End
BEGIN_ERR 
26 Small mesh segment detected on body : Region
 Small mesh segment detected on body : Region 
 Segment Statistics - Number of Segments : 1 --- Segment length(s) : 0.199455mm. The cutoff frequency for S-Matrix Only Solve is 6.42022610557876MHz 
3 -1  12  160  # nfids, fids[]
2 122  -1  # nbids, bids[]
      4 4 1 0 #ntets ntri ned npts
           1.2263967780980641e+01   8.0110310871778156e-01   4.3813099516296039e-01 #xyz tv0
           1.0637499999999999e+01   2.4149999999999999e-01   3.1750000000000000e-01 #xyz tv1
           1.0637499999999999e+01   0.0000000000000000e+00   6.3500000000000001e-01 #xyz tv2
           1.0637499999999999e+01  -1.2075000000000000e-01   4.7625000000000001e-01 -1 122 #xyz tv3 fid bid
           1.0637499999999999e+01   2.4149999999999999e-01   3.1750000000000000e-01 #xyz tv0
           8.3914507266656067e+00   1.7459811872439821e+00   1.1426245041979155e-16 #xyz tv1
           1.0637499999999999e+01   0.0000000000000000e+00   6.3500000000000001e-01 #xyz tv2
           1.0637499999999999e+01  -1.2075000000000000e-01   4.7625000000000001e-01 -1 122 #xyz tv3 fid bid
           1.2263967780980641e+01   8.0110310871778156e-01   4.3813099516296039e-01 #xyz tv0
           1.0637499999999999e+01   0.0000000000000000e+00   6.3500000000000001e-01 #xyz tv1
           1.0637499999999999e+01  -4.8299999999999998e-01   6.3500000000000001e-01 #xyz tv2
           1.0637499999999999e+01  -1.2075000000000000e-01   4.7625000000000001e-01 -1 122 #xyz tv3 fid bid
           1.0637499999999999e+01  -4.8299999999999998e-01   6.3500000000000001e-01 #xyz tv0
           1.0637499999999999e+01   0.0000000000000000e+00   6.3500000000000001e-01 #xyz tv1
           8.3914507266656067e+00   1.7459811872439821e+00   1.1426245041979155e-16 #xyz tv2
           1.0637499999999999e+01  -1.2075000000000000e-01   4.7625000000000001e-01 -1 122 #xyz tv3 fid bid
           1.0637499999999999e+01   0.0000000000000000e+00   6.3500000000000001e-01 #xyz tv0
           1.0637499999999999e+01  -4.8299999999999998e-01   6.3500000000000001e-01 #xyz tv1
           1.0637499999999999e+01  -1.2075000000000000e-01   4.7625000000000001e-01 12 -1 #xyz tv2 fid bid
           1.0637499999999999e+01   0.0000000000000000e+00   6.3500000000000001e-01 #xyz tv0
           1.0637499999999999e+01  -4.8299999999999998e-01   6.3500000000000001e-01 #xyz tv1
           1.0637499999999999e+01  -1.2075000000000000e-01   4.7625000000000001e-01 160 -1 #xyz tv2 fid bid
           1.0637499999999999e+01   2.4149999999999999e-01   3.1750000000000000e-01 #xyz tv0
           1.0637499999999999e+01   0.0000000000000000e+00   6.3500000000000001e-01 #xyz tv1
           1.0637499999999999e+01  -1.2075000000000000e-01   4.7625000000000001e-01 12 -1 #xyz tv2 fid bid
           1.0637499999999999e+01   2.4149999999999999e-01   3.1750000000000000e-01 #xyz tv0
           1.0637499999999999e+01   0.0000000000000000e+00   6.3500000000000001e-01 #xyz tv1
           1.0637499999999999e+01  -1.2075000000000000e-01   4.7625000000000001e-01 160 -1 #xyz tv2 fid bid
           1.0637499999999999e+01  -1.2075000000000000e-01   4.7625000000000001e-01 #xyz ev0
           1.0637499999999999e+01   0.0000000000000000e+00   6.3500000000000001e-01 -1 122 #xyz ev1 fid bid
   0   0.000000000000e+00   0.000000000000e+00   0.000000000000e+00 #flag location
END_ERR 
G3dErrFileVersion 2018P3.1
FlagFileMetaData Begin
   Mesh Size - Setup1, Refinement, Pass #2, Freq. 1.000000e+10 :Title    
   Listing of mesh elements with poor quality. :ToolTip  
   hf3d :Author   
   1730516379 :TimeStamp
FlagFileMetaData End
BEGIN_ERR 
26 Small mesh segment detected on body : Region
 Small mesh segment detected on body : Region 
 Segment Statistics - Number of Segments : 1 --- Segment length(s) : 0.241500mm. The cutoff frequency for S-Matrix Only Solve is 6.42022610557876MHz 
3 -1  12  160  # nfids, fids[]
2 122  -1  # nbids, bids[]
      4 4 1 0 #ntets ntri ned npts
           1.0637499999999999e+01  -4.8299999999999998e-01   9.5250000000000001e-01 #xyz tv0
           1.0637499999999999e+01  -2.4149999999999999e-01   9.5250000000000001e-01 #xyz tv1
           1.1647155714127898e+01  -5.8161361743087625e-01   1.2579006446165650e+00 #xyz tv2
           1.0637499999999999e+01  -4.8299999999999998e-01   1.2700000000000000e+00 -1 122 #xyz tv3 fid bid
           1.0637499999999999e+01  -4.8299999999999998e-01   6.3500000000000001e-01 #xyz tv0
           1.0637499999999999e+01  -2.4149999999999999e-01   9.5250000000000001e-01 #xyz tv1
           1.1647155714127898e+01  -5.8161361743087625e-01   1.2579006446165650e+00 #xyz tv2
           1.0637499999999999e+01  -4.8299999999999998e-01   9.5250000000000001e-01 -1 122 #xyz tv3 fid bid
           9.3595000000000006e+00  -4.8299999999999998e-01   1.2700000000000000e+00 #xyz tv0
           1.0637499999999999e+01  -2.4149999999999999e-01   9.5250000000000001e-01 #xyz tv1
           1.0637499999999999e+01  -4.8299999999999998e-01   9.5250000000000001e-01 #xyz tv2
           1.0637499999999999e+01  -4.8299999999999998e-01   1.2700000000000000e+00 -1 122 #xyz tv3 fid bid
           1.0637499999999999e+01  -4.8299999999999998e-01   6.3500000000000001e-01 #xyz tv0
           9.3595000000000006e+00  -4.8299999999999998e-01   1.2700000000000000e+00 #xyz tv1
           1.0637499999999999e+01  -2.4149999999999999e-01   9.5250000000000001e-01 #xyz tv2
           1.0637499999999999e+01  -4.8299999999999998e-01   9.5250000000000001e-01 -1 122 #xyz tv3 fid bid
           1.0637499999999999e+01  -2.4149999999999999e-01   9.5250000000000001e-01 #xyz tv0
           1.0637499999999999e+01  -4.8299999999999998e-01   1.2700000000000000e+00 #xyz tv1
           1.0637499999999999e+01  -4.8299999999999998e-01   9.5250000000000001e-01 12 -1 #xyz tv2 fid bid
           1.0637499999999999e+01  -2.4149999999999999e-01   9.5250000000000001e-01 #xyz tv0
           1.0637499999999999e+01  -4.8299999999999998e-01   1.2700000000000000e+00 #xyz tv1
           1.0637499999999999e+01  -4.8299999999999998e-01   9.5250000000000001e-01 160 -1 #xyz tv2 fid bid
           1.0637499999999999e+01  -4.8299999999999998e-01   6.3500000000000001e-01 #xyz tv0
           1.0637499999999999e+01  -2.4149999999999999e-01   9.5250000000000001e-01 #xyz tv1
           1.0637499999999999e+01  -4.8299999999999998e-01   9.5250000000000001e-01 12 -1 #xyz tv2 fid bid
           1.0637499999999999e+01  -4.8299999999999998e-01   6.3500000000000001e-01 #xyz tv0
           1.0637499999999999e+01  -2.4149999999999999e-01   9.5250000000000001e-01 #xyz tv1
           1.0637499999999999e+01  -4.8299999999999998e-01   9.5250000000000001e-01 160 -1 #xyz tv2 fid bid
           1.0637499999999999e+01  -4.8299999999999998e-01   9.5250000000000001e-01 #xyz ev0
           1.0637499999999999e+01  -2.4149999999999999e-01   9.5250000000000001e-01 -1 122 #xyz ev1 fid bid
   0   0.000000000000e+00   0.000000000000e+00   0.000000000000e+00 #flag location
END_ERR 
G3dErrFileVersion 2018P3.1
FlagFileMetaData Begin
   Mesh Size - Setup1, Refinement, Pass #3, Freq. 1.000000e+10 :Title    
   Listing of mesh elements with poor quality. :ToolTip  
   hf3d :Author   
   1730516381 :TimeStamp
FlagFileMetaData End
BEGIN_ERR 
26 Small mesh segment detected on body : Region
 Small mesh segment detected on body : Region 
 Segment Statistics - Number of Segments : 1 --- Segment length(s) : 0.241500mm. The cutoff frequency for S-Matrix Only Solve is 6.42022610557876MHz 
3 -1  12  160  # nfids, fids[]
2 122  -1  # nbids, bids[]
      4 4 1 0 #ntets ntri ned npts
           1.0637499999999999e+01  -4.8299999999999998e-01   9.5250000000000001e-01 #xyz tv0
           1.0637499999999999e+01  -2.4149999999999999e-01   9.5250000000000001e-01 #xyz tv1
           1.1647155714127898e+01  -5.8161361743087636e-01   1.2579006446165653e+00 #xyz tv2
           1.0637499999999999e+01  -4.8299999999999998e-01   1.2700000000000000e+00 -1 122 #xyz tv3 fid bid
           1.0637499999999999e+01  -4.8299999999999998e-01   6.3500000000000001e-01 #xyz tv0
           1.0637499999999999e+01  -2.4149999999999999e-01   9.5250000000000001e-01 #xyz tv1
           1.1647155714127898e+01  -5.8161361743087636e-01   1.2579006446165653e+00 #xyz tv2
           1.0637499999999999e+01  -4.8299999999999998e-01   9.5250000000000001e-01 -1 122 #xyz tv3 fid bid
           1.0151862144085992e+01  -3.2735321625231484e-01   1.0107979136868461e+00 #xyz tv0
           1.0637499999999999e+01  -4.8299999999999998e-01   9.5250000000000001e-01 #xyz tv1
           1.0637499999999999e+01  -4.8299999999999998e-01   1.2700000000000000e+00 #xyz tv2
           1.0637499999999999e+01  -2.4149999999999999e-01   9.5250000000000001e-01 -1 122 #xyz tv3 fid bid
           1.0151862144085992e+01  -3.2735321625231484e-01   1.0107979136868461e+00 #xyz tv0
           1.0637499999999999e+01  -4.8299999999999998e-01   6.3500000000000001e-01 #xyz tv1
           1.0637499999999999e+01  -4.8299999999999998e-01   9.5250000000000001e-01 #xyz tv2
           1.0637499999999999e+01  -2.4149999999999999e-01   9.5250000000000001e-01 -1 122 #xyz tv3 fid bid
           1.0637499999999999e+01  -2.4149999999999999e-01   9.5250000000000001e-01 #xyz tv0
           1.0637499999999999e+01  -4.8299999999999998e-01   1.2700000000000000e+00 #xyz tv1
           1.0637499999999999e+01  -4.8299999999999998e-01   9.5250000000000001e-01 12 -1 #xyz tv2 fid bid
           1.0637499999999999e+01  -2.4149999999999999e-01   9.5250000000000001e-01 #xyz tv0
           1.0637499999999999e+01  -4.8299999999999998e-01   1.2700000000000000e+00 #xyz tv1
           1.0637499999999999e+01  -4.8299999999999998e-01   9.5250000000000001e-01 160 -1 #xyz tv2 fid bid
           1.0637499999999999e+01  -4.8299999999999998e-01   6.3500000000000001e-01 #xyz tv0
           1.0637499999999999e+01  -2.4149999999999999e-01   9.5250000000000001e-01 #xyz tv1
           1.0637499999999999e+01  -4.8299999999999998e-01   9.5250000000000001e-01 12 -1 #xyz tv2 fid bid
           1.0637499999999999e+01  -4.8299999999999998e-01   6.3500000000000001e-01 #xyz tv0
           1.0637499999999999e+01  -2.4149999999999999e-01   9.5250000000000001e-01 #xyz tv1
           1.0637499999999999e+01  -4.8299999999999998e-01   9.5250000000000001e-01 160 -1 #xyz tv2 fid bid
           1.0637499999999999e+01  -4.8299999999999998e-01   9.5250000000000001e-01 #xyz ev0
           1.0637499999999999e+01  -2.4149999999999999e-01   9.5250000000000001e-01 -1 122 #xyz ev1 fid bid
   0   0.000000000000e+00   0.000000000000e+00   0.000000000000e+00 #flag location
END_ERR 
G3dErrFileVersion 2018P3.1
FlagFileMetaData Begin
   Mesh Size - Setup2, Refinement, Pass #1, Freq. 9.104200e+09 :Title    
   Listing of mesh elements with poor quality. :ToolTip  
   hf3d :Author   
   1730520936 :TimeStamp
FlagFileMetaData End
BEGIN_ERR 
26 Small mesh segment detected on body : Region
 Small mesh segment detected on body : Region 
 Segment Statistics - Number of Segments : 1 --- Segment length(s) : 0.241500mm. The cutoff frequency for S-Matrix Only Solve is 6.42022610557876MHz 
5 -1  7  56  12  160  # nfids, fids[]
2 122  -1  # nbids, bids[]
      5 4 1 0 #ntets ntri ned npts
           9.4992421197832755e+00   3.3027584876543170e-02   8.7699999999999996e+00 #xyz tv0
           1.0637499999999999e+01   2.4149999999999999e-01   1.2700000000000000e+00 #xyz tv1
           9.3595000000000006e+00  -4.8299999999999998e-01   1.2700000000000000e+00 #xyz tv2
           1.0637499999999999e+01   0.0000000000000000e+00   1.2700000000000000e+00 -1 122 #xyz tv3 fid bid
           1.0637499999999999e+01   2.4149999999999999e-01   1.2700000000000000e+00 #xyz tv0
           1.0637499999999999e+01   2.4149999999999999e-01   9.5250000000000001e-01 #xyz tv1
           9.3595000000000006e+00  -4.8299999999999998e-01   1.2700000000000000e+00 #xyz tv2
           1.0637499999999999e+01   0.0000000000000000e+00   1.2700000000000000e+00 -1 122 #xyz tv3 fid bid
           1.0637499999999999e+01   2.4149999999999999e-01   1.2700000000000000e+00 #xyz tv0
           9.4992421197832755e+00   3.3027584876543170e-02   8.7699999999999996e+00 #xyz tv1
           1.4204944889874270e+01  -2.2107023228712479e+00   4.2444253133664995e+00 #xyz tv2
           1.0637499999999999e+01   0.0000000000000000e+00   1.2700000000000000e+00 -1 122 #xyz tv3 fid bid
           1.0637499999999999e+01   2.4149999999999999e-01   1.2700000000000000e+00 #xyz tv0
           1.2393711473500360e+01   1.2174981294339204e+00   4.6454821996212420e-01 #xyz tv1
           1.0637499999999999e+01   2.4149999999999999e-01   9.5250000000000001e-01 #xyz tv2
           1.0637499999999999e+01   0.0000000000000000e+00   1.2700000000000000e+00 -1 122 #xyz tv3 fid bid
           1.0637499999999999e+01   2.4149999999999999e-01   1.2700000000000000e+00 #xyz tv0
           1.4204944889874270e+01  -2.2107023228712479e+00   4.2444253133664995e+00 #xyz tv1
           1.2393711473500360e+01   1.2174981294339204e+00   4.6454821996212420e-01 #xyz tv2
           1.0637499999999999e+01   0.0000000000000000e+00   1.2700000000000000e+00 -1 122 #xyz tv3 fid bid
           1.0637499999999999e+01   2.4149999999999999e-01   1.2700000000000000e+00 #xyz tv0
           9.3595000000000006e+00  -4.8299999999999998e-01   1.2700000000000000e+00 #xyz tv1
           1.0637499999999999e+01   0.0000000000000000e+00   1.2700000000000000e+00 7 -1 #xyz tv2 fid bid
           1.0637499999999999e+01   2.4149999999999999e-01   1.2700000000000000e+00 #xyz tv0
           9.3595000000000006e+00  -4.8299999999999998e-01   1.2700000000000000e+00 #xyz tv1
           1.0637499999999999e+01   0.0000000000000000e+00   1.2700000000000000e+00 56 -1 #xyz tv2 fid bid
           1.0637499999999999e+01   2.4149999999999999e-01   1.2700000000000000e+00 #xyz tv0
           1.0637499999999999e+01   0.0000000000000000e+00   1.2700000000000000e+00 #xyz tv1
           1.0637499999999999e+01   2.4149999999999999e-01   9.5250000000000001e-01 12 -1 #xyz tv2 fid bid
           1.0637499999999999e+01   2.4149999999999999e-01   1.2700000000000000e+00 #xyz tv0
           1.0637499999999999e+01   0.0000000000000000e+00   1.2700000000000000e+00 #xyz tv1
           1.0637499999999999e+01   2.4149999999999999e-01   9.5250000000000001e-01 160 -1 #xyz tv2 fid bid
           1.0637499999999999e+01   0.0000000000000000e+00   1.2700000000000000e+00 #xyz ev0
           1.0637499999999999e+01   2.4149999999999999e-01   1.2700000000000000e+00 -1 122 #xyz ev1 fid bid
   0   0.000000000000e+00   0.000000000000e+00   0.000000000000e+00 #flag location
END_ERR 
G3dErrFileVersion 2018P3.1
FlagFileMetaData Begin
   Mesh Size - Setup2, Refinement, Pass #2, Freq. 9.104200e+09 :Title    
   Listing of mesh elements with poor quality. :ToolTip  
   hf3d :Author   
   1730520939 :TimeStamp
FlagFileMetaData End
BEGIN_ERR 
26 Small mesh segment detected on body : Region
 Small mesh segment detected on body : Region 
 Segment Statistics - Number of Segments : 1 --- Segment length(s) : 0.237565mm. The cutoff frequency for S-Matrix Only Solve is 6.42022610557876MHz 
3 -1  12  160  # nfids, fids[]
2 122  -1  # nbids, bids[]
      7 4 1 0 #ntets ntri ned npts
           1.0637499999999999e+01  -8.6997810546733632e-03   8.9888292044665219e-01 #xyz tv0
           1.2505292528645363e+01  -3.9517426601957739e-01   1.9431984981419634e+00 #xyz tv1
           1.0637499999999999e+01   2.2473227992010802e-01   9.4300122545157161e-01 #xyz tv2
           1.2183058445516100e+01   1.1928850562257860e+00   2.9790262805390999e-01 -1 122 #xyz tv3 fid bid
           1.0637499999999999e+01  -8.6997810546733632e-03   8.9888292044665219e-01 #xyz tv0
           1.0637499999999999e+01   2.2473227992010802e-01   9.4300122545157161e-01 #xyz tv1
           1.2505292528645363e+01  -3.9517426601957739e-01   1.9431984981419634e+00 #xyz tv2
           1.0637499999999999e+01  -6.0374999999999998e-02   1.2700000000000000e+00 -1 122 #xyz tv3 fid bid
           1.0637499999999999e+01   2.2473227992010802e-01   9.4300122545157161e-01 #xyz tv0
           1.0637499999999999e+01  -8.6997810546733632e-03   8.9888292044665219e-01 #xyz tv1
           1.2183058445516100e+01   1.1928850562257860e+00   2.9790262805390999e-01 #xyz tv2
           1.0637499999999999e+01   1.9790963648834020e-01   6.0223618731900641e-01 -1 122 #xyz tv3 fid bid
           1.0637499999999999e+01   2.2473227992010802e-01   9.4300122545157161e-01 #xyz tv0
           1.0637499999999999e+01  -8.6997810546733632e-03   8.9888292044665219e-01 #xyz tv1
           9.3595000000000024e+00  -4.8299999999999998e-01   1.2700000000000000e+00 #xyz tv2
           1.0637499999999999e+01  -6.0374999999999998e-02   1.2700000000000000e+00 -1 122 #xyz tv3 fid bid
           9.3479320519939098e+00   2.8214806260862951e-03   8.4185526892145846e-01 #xyz tv0
           1.0637499999999999e+01  -8.6997810546733632e-03   8.9888292044665219e-01 #xyz tv1
           1.0637499999999999e+01   2.2473227992010802e-01   9.4300122545157161e-01 #xyz tv2
           1.0637499999999999e+01   1.9790963648834020e-01   6.0223618731900641e-01 -1 122 #xyz tv3 fid bid
           1.0637499999999999e+01   2.2473227992010802e-01   9.4300122545157161e-01 #xyz tv0
           9.3595000000000024e+00  -4.8299999999999998e-01   1.2700000000000000e+00 #xyz tv1
           1.0637499999999999e+01  -8.6997810546733632e-03   8.9888292044665219e-01 #xyz tv2
           8.0814999999999984e+00  -4.8299999999999998e-01   1.2700000000000000e+00 -1 122 #xyz tv3 fid bid
           9.3479320519939098e+00   2.8214806260862951e-03   8.4185526892145846e-01 #xyz tv0
           1.0637499999999999e+01   2.2473227992010802e-01   9.4300122545157161e-01 #xyz tv1
           1.0637499999999999e+01  -8.6997810546733632e-03   8.9888292044665219e-01 #xyz tv2
           8.0814999999999984e+00  -4.8299999999999998e-01   1.2700000000000000e+00 -1 122 #xyz tv3 fid bid
           1.0637499999999999e+01   2.2473227992010802e-01   9.4300122545157161e-01 #xyz tv0
           1.0637499999999999e+01  -8.6997810546733632e-03   8.9888292044665219e-01 #xyz tv1
           1.0637499999999999e+01   1.9790963648834020e-01   6.0223618731900641e-01 12 -1 #xyz tv2 fid bid
           1.0637499999999999e+01   2.2473227992010802e-01   9.4300122545157161e-01 #xyz tv0
           1.0637499999999999e+01  -8.6997810546733632e-03   8.9888292044665219e-01 #xyz tv1
           1.0637499999999999e+01   1.9790963648834020e-01   6.0223618731900641e-01 160 -1 #xyz tv2 fid bid
           1.0637499999999999e+01   2.2473227992010802e-01   9.4300122545157161e-01 #xyz tv0
           1.0637499999999999e+01  -6.0374999999999998e-02   1.2700000000000000e+00 #xyz tv1
           1.0637499999999999e+01  -8.6997810546733632e-03   8.9888292044665219e-01 12 -1 #xyz tv2 fid bid
           1.0637499999999999e+01   2.2473227992010802e-01   9.4300122545157161e-01 #xyz tv0
           1.0637499999999999e+01  -6.0374999999999998e-02   1.2700000000000000e+00 #xyz tv1
           1.0637499999999999e+01  -8.6997810546733632e-03   8.9888292044665219e-01 160 -1 #xyz tv2 fid bid
           1.0637499999999999e+01   2.2473227992010802e-01   9.4300122545157161e-01 #xyz ev0
           1.0637499999999999e+01  -8.6997810546733632e-03   8.9888292044665219e-01 -1 122 #xyz ev1 fid bid
   0   0.000000000000e+00   0.000000000000e+00   0.000000000000e+00 #flag location
END_ERR 
G3dErrFileVersion 2018P3.1
FlagFileMetaData Begin
   Mesh Size - Setup2, Refinement, Pass #3, Freq. 9.104200e+09 :Title    
   Listing of mesh elements with poor quality. :ToolTip  
   hf3d :Author   
   1730520941 :TimeStamp
FlagFileMetaData End
BEGIN_ERR 
26 Small mesh segment detected on body : Region
 Small mesh segment detected on body : Region 
 Segment Statistics - Number of Segments : 1 --- Segment length(s) : 0.229862mm. The cutoff frequency for S-Matrix Only Solve is 6.42022610557876MHz 
3 -1  12  160  # nfids, fids[]
2 122  -1  # nbids, bids[]
      6 4 1 0 #ntets ntri ned npts
           1.0637499999999999e+01  -8.6997810546733632e-03   8.9888292044665219e-01 #xyz tv0
           1.2505292528645363e+01  -3.9517426601957739e-01   1.9431984981419634e+00 #xyz tv1
           1.0637499999999999e+01   2.1925189489882968e-01   9.2845470092205495e-01 #xyz tv2
           1.2110754659644087e+01   1.1909577492881960e+00   2.6802818193931105e-01 -1 122 #xyz tv3 fid bid
           1.0637499999999999e+01  -8.6997810546733632e-03   8.9888292044665219e-01 #xyz tv0
           1.0637499999999999e+01   2.1925189489882968e-01   9.2845470092205495e-01 #xyz tv1
           1.2505292528645363e+01  -3.9517426601957739e-01   1.9431984981419634e+00 #xyz tv2
           1.0637499999999999e+01  -6.0374999999999998e-02   1.2700000000000000e+00 -1 122 #xyz tv3 fid bid
           1.0637499999999999e+01   2.1925189489882968e-01   9.2845470092205495e-01 #xyz tv0
           1.0637499999999999e+01  -8.6997810546733632e-03   8.9888292044665219e-01 #xyz tv1
           1.2110754659644087e+01   1.1909577492881960e+00   2.6802818193931105e-01 #xyz tv2
           1.0637499999999999e+01   1.9790963648834020e-01   6.0223618731900652e-01 -1 122 #xyz tv3 fid bid
           1.0637499999999999e+01   2.1925189489882968e-01   9.2845470092205495e-01 #xyz tv0
           1.0637499999999999e+01  -8.6997810546733632e-03   8.9888292044665219e-01 #xyz tv1
           9.3595000000000024e+00  -4.8299999999999998e-01   1.2700000000000000e+00 #xyz tv2
           1.0637499999999999e+01  -6.0374999999999998e-02   1.2700000000000000e+00 -1 122 #xyz tv3 fid bid
           9.3910877908794106e+00  -1.7843839837050806e-03   8.5744256793303708e-01 #xyz tv0
           1.0637499999999999e+01  -8.6997810546733632e-03   8.9888292044665219e-01 #xyz tv1
           1.0637499999999999e+01   2.1925189489882968e-01   9.2845470092205495e-01 #xyz tv2
           1.0637499999999999e+01   1.9790963648834020e-01   6.0223618731900652e-01 -1 122 #xyz tv3 fid bid
           1.0637499999999999e+01  -8.6997810546733632e-03   8.9888292044665219e-01 #xyz tv0
           9.3595000000000024e+00  -4.8299999999999998e-01   1.2700000000000000e+00 #xyz tv1
           9.3910877908794106e+00  -1.7843839837050806e-03   8.5744256793303708e-01 #xyz tv2
           1.0637499999999999e+01   2.1925189489882968e-01   9.2845470092205495e-01 -1 122 #xyz tv3 fid bid
           1.0637499999999999e+01   2.1925189489882968e-01   9.2845470092205495e-01 #xyz tv0
           1.0637499999999999e+01  -8.6997810546733632e-03   8.9888292044665219e-01 #xyz tv1
           1.0637499999999999e+01   1.9790963648834020e-01   6.0223618731900652e-01 12 -1 #xyz tv2 fid bid
           1.0637499999999999e+01   2.1925189489882968e-01   9.2845470092205495e-01 #xyz tv0
           1.0637499999999999e+01  -8.6997810546733632e-03   8.9888292044665219e-01 #xyz tv1
           1.0637499999999999e+01   1.9790963648834020e-01   6.0223618731900652e-01 160 -1 #xyz tv2 fid bid
           1.0637499999999999e+01   2.1925189489882968e-01   9.2845470092205495e-01 #xyz tv0
           1.0637499999999999e+01  -6.0374999999999998e-02   1.2700000000000000e+00 #xyz tv1
           1.0637499999999999e+01  -8.6997810546733632e-03   8.9888292044665219e-01 12 -1 #xyz tv2 fid bid
           1.0637499999999999e+01   2.1925189489882968e-01   9.2845470092205495e-01 #xyz tv0
           1.0637499999999999e+01  -6.0374999999999998e-02   1.2700000000000000e+00 #xyz tv1
           1.0637499999999999e+01  -8.6997810546733632e-03   8.9888292044665219e-01 160 -1 #xyz tv2 fid bid
           1.0637499999999999e+01   2.1925189489882968e-01   9.2845470092205495e-01 #xyz ev0
           1.0637499999999999e+01  -8.6997810546733632e-03   8.9888292044665219e-01 -1 122 #xyz ev1 fid bid
   0   0.000000000000e+00   0.000000000000e+00   0.000000000000e+00 #flag location
END_ERR 
G3dErrFileVersion 2018P3.1
FlagFileMetaData Begin
   Mesh Size - Setup2, Refinement, Pass #4, Freq. 9.104200e+09 :Title    
   Listing of mesh elements with poor quality. :ToolTip  
   hf3d :Author   
   1730520944 :TimeStamp
FlagFileMetaData End
BEGIN_ERR 
26 Small mesh segment detected on body : Region
 Small mesh segment detected on body : Region 
 Segment Statistics - Number of Segments : 1 --- Segment length(s) : 0.211486mm. The cutoff frequency for S-Matrix Only Solve is 6.42022610557876MHz 
3 -1  12  160  # nfids, fids[]
2 122  -1  # nbids, bids[]
      5 4 1 0 #ntets ntri ned npts
           1.0637499999999999e+01   9.3310065486499998e-03   9.2276687129393831e-01 #xyz tv0
           1.2114328053615749e+01  -3.7331102298646013e-01   1.7225258095627149e+00 #xyz tv1
           1.0637499999999999e+01   2.2067741666940976e-01   9.3045976253441032e-01 #xyz tv2
           1.2184287242775518e+01   1.0094730011384909e+00   2.4157503133003300e-01 -1 122 #xyz tv3 fid bid
           1.0637499999999999e+01   9.3310065486499998e-03   9.2276687129393831e-01 #xyz tv0
           1.2114328053615749e+01  -3.7331102298646013e-01   1.7225258095627149e+00 #xyz tv1
           1.0637499999999999e+01   1.7729764422029254e-01   1.2700000000000000e+00 #xyz tv2
           1.0637499999999999e+01   2.2067741666940976e-01   9.3045976253441032e-01 -1 122 #xyz tv3 fid bid
           1.0637499999999999e+01   2.2067741666940976e-01   9.3045976253441032e-01 #xyz tv0
           1.0637499999999999e+01   9.3310065486499998e-03   9.2276687129393831e-01 #xyz tv1
           1.2184287242775518e+01   1.0094730011384909e+00   2.4157503133003300e-01 #xyz tv2
           1.0637499999999999e+01   1.9790963648834020e-01   6.0223618731900652e-01 -1 122 #xyz tv3 fid bid
           1.0637499999999999e+01   9.3310065486499998e-03   9.2276687129393831e-01 #xyz tv0
           1.0637499999999999e+01   1.7729764422029254e-01   1.2700000000000000e+00 #xyz tv1
           9.7219796142578119e+00   4.8299999999999998e-01   9.1281250000000003e-01 #xyz tv2
           1.0637499999999999e+01   2.2067741666940976e-01   9.3045976253441032e-01 -1 122 #xyz tv3 fid bid
           1.0637499999999999e+01   9.3310065486499998e-03   9.2276687129393831e-01 #xyz tv0
           9.7219796142578119e+00   4.8299999999999998e-01   9.1281250000000003e-01 #xyz tv1
           1.0637499999999999e+01   1.9790963648834020e-01   6.0223618731900652e-01 #xyz tv2
           1.0637499999999999e+01   2.2067741666940976e-01   9.3045976253441032e-01 -1 122 #xyz tv3 fid bid
           1.0637499999999999e+01   2.2067741666940976e-01   9.3045976253441032e-01 #xyz tv0
           1.0637499999999999e+01   9.3310065486499998e-03   9.2276687129393831e-01 #xyz tv1
           1.0637499999999999e+01   1.9790963648834020e-01   6.0223618731900652e-01 12 -1 #xyz tv2 fid bid
           1.0637499999999999e+01   2.2067741666940976e-01   9.3045976253441032e-01 #xyz tv0
           1.0637499999999999e+01   9.3310065486499998e-03   9.2276687129393831e-01 #xyz tv1
           1.0637499999999999e+01   1.9790963648834020e-01   6.0223618731900652e-01 160 -1 #xyz tv2 fid bid
           1.0637499999999999e+01   1.7729764422029254e-01   1.2700000000000000e+00 #xyz tv0
           1.0637499999999999e+01   9.3310065486499998e-03   9.2276687129393831e-01 #xyz tv1
           1.0637499999999999e+01   2.2067741666940976e-01   9.3045976253441032e-01 12 -1 #xyz tv2 fid bid
           1.0637499999999999e+01   1.7729764422029254e-01   1.2700000000000000e+00 #xyz tv0
           1.0637499999999999e+01   9.3310065486499998e-03   9.2276687129393831e-01 #xyz tv1
           1.0637499999999999e+01   2.2067741666940976e-01   9.3045976253441032e-01 160 -1 #xyz tv2 fid bid
           1.0637499999999999e+01   2.2067741666940976e-01   9.3045976253441032e-01 #xyz ev0
           1.0637499999999999e+01   9.3310065486499998e-03   9.2276687129393831e-01 -1 122 #xyz ev1 fid bid
   0   0.000000000000e+00   0.000000000000e+00   0.000000000000e+00 #flag location
END_ERR 
G3dErrFileVersion 2018P3.1
FlagFileMetaData Begin
   Mesh Size - Setup2, Refinement, Pass #5, Freq. 9.104200e+09 :Title    
   Listing of mesh elements with poor quality. :ToolTip  
   hf3d :Author   
   1730520947 :TimeStamp
FlagFileMetaData End
BEGIN_ERR 
26 Small mesh segment detected on body : Substrate
 Small mesh segment detected on body : Substrate 
 Segment Statistics - Number of Segments : 1 --- Segment length(s) : 0.227291mm. The cutoff frequency for S-Matrix Only Solve is 6.42022610557876MHz 
1 -1  # nfids, fids[]
1 6  # nbids, bids[]
      5 0 1 0 #ntets ntri ned npts
           2.1673875926141362e+00  -1.4205975953986256e+00   6.3500000000000001e-01 #xyz tv0
           2.3611941766833127e+00  -1.2404844816806524e+00   1.0482864594286165e+00 #xyz tv1
           2.4085128106704436e+00  -1.0185349901281169e+00   1.0609655246065901e+00 #xyz tv2
           2.7297264040184110e+00  -1.1195480944254645e+00   8.3706988758038825e-01 -1 6 #xyz tv3 fid bid
           2.1673875926141362e+00  -1.4205975953986256e+00   6.3500000000000001e-01 #xyz tv0
           2.4085128106704436e+00  -1.0185349901281169e+00   1.0609655246065901e+00 #xyz tv1
           2.3611941766833127e+00  -1.2404844816806524e+00   1.0482864594286165e+00 #xyz tv2
           1.9559875828348556e+00  -1.0307715241516842e+00   9.7048743925169467e-01 -1 6 #xyz tv3 fid bid
           2.4085128106704436e+00  -1.0185349901281169e+00   1.0609655246065901e+00 #xyz tv0
           2.3611941766833127e+00  -1.2404844816806524e+00   1.0482864594286165e+00 #xyz tv1
           2.6644886730491080e+00  -1.0698131402586069e+00   1.2700000000000000e+00 #xyz tv2
           2.7297264040184110e+00  -1.1195480944254645e+00   8.3706988758038825e-01 -1 6 #xyz tv3 fid bid
           2.4085128106704436e+00  -1.0185349901281169e+00   1.0609655246065901e+00 #xyz tv0
           2.3611941766833127e+00  -1.2404844816806524e+00   1.0482864594286165e+00 #xyz tv1
           1.9559875828348556e+00  -1.0307715241516842e+00   9.7048743925169467e-01 #xyz tv2
           2.1761391852563245e+00  -9.6599999999999997e-01   1.2700000000000000e+00 -1 6 #xyz tv3 fid bid
           2.4085128106704436e+00  -1.0185349901281169e+00   1.0609655246065901e+00 #xyz tv0
           2.6644886730491080e+00  -1.0698131402586069e+00   1.2700000000000000e+00 #xyz tv1
           2.3611941766833127e+00  -1.2404844816806524e+00   1.0482864594286165e+00 #xyz tv2
           2.1761391852563245e+00  -9.6599999999999997e-01   1.2700000000000000e+00 -1 6 #xyz tv3 fid bid
           2.3611941766833127e+00  -1.2404844816806524e+00   1.0482864594286165e+00 #xyz ev0
           2.4085128106704436e+00  -1.0185349901281169e+00   1.0609655246065901e+00 -1 6 #xyz ev1 fid bid
   0   0.000000000000e+00   0.000000000000e+00   0.000000000000e+00 #flag location
END_ERR 
G3dErrFileVersion 2018P3.1
FlagFileMetaData Begin
   Mesh Size - Setup2, Refinement, Pass #6, Freq. 9.104200e+09 :Title    
   Listing of mesh elements with poor quality. :ToolTip  
   hf3d :Author   
   1730520949 :TimeStamp
FlagFileMetaData End
BEGIN_ERR 
26 Small mesh segment detected on body : Substrate
 Small mesh segment detected on body : Substrate 
 Segment Statistics - Number of Segments : 1 --- Segment length(s) : 0.209788mm. The cutoff frequency for S-Matrix Only Solve is 6.42022610557876MHz 
1 -1  # nfids, fids[]
1 6  # nbids, bids[]
      4 0 1 0 #ntets ntri ned npts
           2.3959943365245540e+00  -1.2594065701293033e+00   1.2700000000000000e+00 #xyz tv0
           2.3403316246791341e+00  -1.2725562007091962e+00   1.0681588672894606e+00 #xyz tv1
           2.2330837911195269e+00  -9.3993062109713121e-01   1.2700000000000000e+00 #xyz tv2
           2.1274999999999999e+00  -1.4489999999999998e+00   1.2700000000000000e+00 -1 6 #xyz tv3 fid bid
           2.3959943365245540e+00  -1.2594065701293033e+00   1.2700000000000000e+00 #xyz tv0
           2.6546043969865130e+00  -1.4825894084334643e+00   1.2700000000000000e+00 #xyz tv1
           2.3403316246791341e+00  -1.2725562007091962e+00   1.0681588672894606e+00 #xyz tv2
           2.1274999999999999e+00  -1.4489999999999998e+00   1.2700000000000000e+00 -1 6 #xyz tv3 fid bid
           2.3959943365245540e+00  -1.2594065701293033e+00   1.2700000000000000e+00 #xyz tv0
           2.2330837911195269e+00  -9.3993062109713121e-01   1.2700000000000000e+00 #xyz tv1
           2.3403316246791341e+00  -1.2725562007091962e+00   1.0681588672894606e+00 #xyz tv2
           2.6644886730491084e+00  -1.0698131402586069e+00   1.2700000000000000e+00 -1 6 #xyz tv3 fid bid
           2.3959943365245540e+00  -1.2594065701293033e+00   1.2700000000000000e+00 #xyz tv0
           2.3403316246791341e+00  -1.2725562007091962e+00   1.0681588672894606e+00 #xyz tv1
           2.6546043969865130e+00  -1.4825894084334643e+00   1.2700000000000000e+00 #xyz tv2
           2.6644886730491084e+00  -1.0698131402586069e+00   1.2700000000000000e+00 -1 6 #xyz tv3 fid bid
           2.3403316246791341e+00  -1.2725562007091962e+00   1.0681588672894606e+00 #xyz ev0
           2.3959943365245540e+00  -1.2594065701293033e+00   1.2700000000000000e+00 -1 6 #xyz ev1 fid bid
   0   0.000000000000e+00   0.000000000000e+00   0.000000000000e+00 #flag location
END_ERR 
G3dErrFileVersion 2018P3.1
FlagFileMetaData Begin
   Mesh Size - Setup2, Refinement, Pass #7, Freq. 9.104200e+09 :Title    
   Listing of mesh elements with poor quality. :ToolTip  
   hf3d :Author   
   1730520952 :TimeStamp
FlagFileMetaData End
BEGIN_ERR 
26 Small mesh segment detected on body : Substrate
 Small mesh segment detected on body : Substrate 
 Segment Statistics - Number of Segments : 1 --- Segment length(s) : 0.146561mm. The cutoff frequency for S-Matrix Only Solve is 6.42022610557876MHz 
1 -1  # nfids, fids[]
1 6  # nbids, bids[]
      4 0 1 0 #ntets ntri ned npts
          -2.3534856834757676e+00   9.5718842597811304e-01   1.2700000000000000e+00 #xyz tv0
          -2.1274999999999999e+00   7.2831326687876374e-01   1.2700000000000000e+00 #xyz tv1
          -2.3251314440609061e+00   9.5698578337323559e-01   1.1262084598567950e+00 #xyz tv2
          -2.5901147920082863e+00   7.2704367799230007e-01   1.2700000000000000e+00 -1 6 #xyz tv3 fid bid
          -2.3534856834757676e+00   9.5718842597811304e-01   1.2700000000000000e+00 #xyz tv0
          -2.3251314440609061e+00   9.5698578337323559e-01   1.1262084598567950e+00 #xyz tv1
          -2.1274999999999999e+00   7.2831326687876374e-01   1.2700000000000000e+00 #xyz tv2
          -2.1274999999999999e+00   1.1965049466541200e+00   1.2700000000000000e+00 -1 6 #xyz tv3 fid bid
          -2.3534856834757676e+00   9.5718842597811304e-01   1.2700000000000000e+00 #xyz tv0
          -2.3251314440609061e+00   9.5698578337323559e-01   1.1262084598567950e+00 #xyz tv1
          -2.5554018221246140e+00   1.1652973765935293e+00   1.2700000000000000e+00 #xyz tv2
          -2.5901147920082863e+00   7.2704367799230007e-01   1.2700000000000000e+00 -1 6 #xyz tv3 fid bid
          -2.3534856834757676e+00   9.5718842597811304e-01   1.2700000000000000e+00 #xyz tv0
          -2.5554018221246140e+00   1.1652973765935293e+00   1.2700000000000000e+00 #xyz tv1
          -2.3251314440609061e+00   9.5698578337323559e-01   1.1262084598567950e+00 #xyz tv2
          -2.1274999999999999e+00   1.1965049466541200e+00   1.2700000000000000e+00 -1 6 #xyz tv3 fid bid
          -2.3534856834757676e+00   9.5718842597811304e-01   1.2700000000000000e+00 #xyz ev0
          -2.3251314440609061e+00   9.5698578337323559e-01   1.1262084598567950e+00 -1 6 #xyz ev1 fid bid
   0   0.000000000000e+00   0.000000000000e+00   0.000000000000e+00 #flag location
END_ERR 
G3dErrFileVersion 2018P3.1
FlagFileMetaData Begin
   Mesh Size - Setup2, Refinement, Pass #8, Freq. 9.104200e+09 :Title    
   Listing of mesh elements with poor quality. :ToolTip  
   hf3d :Author   
   1730520955 :TimeStamp
FlagFileMetaData End
BEGIN_ERR 
26 Small mesh segment detected on body : Substrate
 Small mesh segment detected on body : Substrate 
 Segment Statistics - Number of Segments : 1 --- Segment length(s) : 0.130551mm. The cutoff frequency for S-Matrix Only Solve is 6.42022610557876MHz 
1 -1  # nfids, fids[]
1 6  # nbids, bids[]
      5 0 1 0 #ntets ntri ned npts
           7.7768489746606058e+00  -6.2389301499454386e-01   1.1842484093288204e+00 #xyz tv0
           7.7015426124961328e+00  -6.8729065747409135e-01   1.2700000000000000e+00 #xyz tv1
           7.5717072490274280e+00  -4.8299999999999998e-01   1.2700000000000000e+00 #xyz tv2
           7.8110500348188268e+00  -4.8299999999999998e-01   1.2700000000000000e+00 -1 6 #xyz tv3 fid bid
           7.7768489746606058e+00  -6.2389301499454386e-01   1.1842484093288204e+00 #xyz tv0
           7.5870435682152788e+00  -5.4118228966124493e-01   1.0723460456769522e+00 #xyz tv1
           7.5717072490274280e+00  -4.8299999999999998e-01   1.2700000000000000e+00 #xyz tv2
           7.7015426124961328e+00  -6.8729065747409135e-01   1.2700000000000000e+00 -1 6 #xyz tv3 fid bid
           7.7768489746606058e+00  -6.2389301499454386e-01   1.1842484093288204e+00 #xyz tv0
           8.0093018292056612e+00  -7.1993917087404746e-01   1.2700000000000000e+00 #xyz tv1
           7.7015426124961328e+00  -6.8729065747409135e-01   1.2700000000000000e+00 #xyz tv2
           7.8110500348188268e+00  -4.8299999999999998e-01   1.2700000000000000e+00 -1 6 #xyz tv3 fid bid
           7.7768489746606058e+00  -6.2389301499454386e-01   1.1842484093288204e+00 #xyz tv0
           7.5870435682152788e+00  -5.4118228966124493e-01   1.0723460456769522e+00 #xyz tv1
           7.7015426124961328e+00  -6.8729065747409135e-01   1.2700000000000000e+00 #xyz tv2
           7.7645901247660722e+00  -7.8229519107220691e-01   1.1359531278014356e+00 -1 6 #xyz tv3 fid bid
           7.7768489746606058e+00  -6.2389301499454386e-01   1.1842484093288204e+00 #xyz tv0
           7.7015426124961328e+00  -6.8729065747409135e-01   1.2700000000000000e+00 #xyz tv1
           8.0093018292056612e+00  -7.1993917087404746e-01   1.2700000000000000e+00 #xyz tv2
           7.7645901247660722e+00  -7.8229519107220691e-01   1.1359531278014356e+00 -1 6 #xyz tv3 fid bid
           7.7015426124961328e+00  -6.8729065747409135e-01   1.2700000000000000e+00 #xyz ev0
           7.7768489746606058e+00  -6.2389301499454386e-01   1.1842484093288204e+00 -1 6 #xyz ev1 fid bid
   0   0.000000000000e+00   0.000000000000e+00   0.000000000000e+00 #flag location
END_ERR 
G3dErrFileVersion 2018P3.1
FlagFileMetaData Begin
   Mesh Size - Setup2, Refinement, Pass #9, Freq. 9.104200e+09 :Title    
   Listing of mesh elements with poor quality. :ToolTip  
   hf3d :Author   
   1730520958 :TimeStamp
FlagFileMetaData End
BEGIN_ERR 
26 Small mesh segment detected on body : Substrate
 Small mesh segment detected on body : Substrate 
 Segment Statistics - Number of Segments : 1 --- Segment length(s) : 0.098409mm. The cutoff frequency for S-Matrix Only Solve is 6.42022610557876MHz 
1 -1  # nfids, fids[]
1 6  # nbids, bids[]
      5 0 1 0 #ntets ntri ned npts
           4.6748353170800900e+00  -4.8299999999999998e-01   1.2700000000000000e+00 #xyz tv0
           4.5015844517491894e+00  -6.9736235267541824e-01   1.2700000000000000e+00 #xyz tv1
           4.4674554810227072e+00  -6.9489374191248987e-01   1.1777311324711666e+00 #xyz tv2
           4.3784778409709304e+00  -4.8299999999999998e-01   1.2700000000000000e+00 -1 6 #xyz tv3 fid bid
           4.6748353170800900e+00  -4.8299999999999998e-01   1.2700000000000000e+00 #xyz tv0
           4.4674554810227072e+00  -6.9489374191248987e-01   1.1777311324711666e+00 #xyz tv1
           4.5015844517491894e+00  -6.9736235267541824e-01   1.2700000000000000e+00 #xyz tv2
           4.7481187205967839e+00  -7.1791863753153984e-01   1.2700000000000000e+00 -1 6 #xyz tv3 fid bid
           4.5015844517491894e+00  -6.9736235267541824e-01   1.2700000000000000e+00 #xyz tv0
           4.2379742429765574e+00  -7.4241734840722529e-01   1.2700000000000000e+00 #xyz tv1
